4.353921121452493104e+00
-2.309109712814613413e+00
-4.470811449739019672e+00
-3.603083762983961158e+00
-5.749745972319729503e+00
8.736773907248571724e-01
-2.498789968848735388e+00
-2.112899194952034543e-01
-5.009487311513594499e+00
2.169508960667703157e+00
2.208792310993794306e-01
-1.189675459595636031e+00
3.690935577112937072e+00
3.379397099013060402e+00
1.132253298190237789e+00
-1.767632889862307266e+00
1.470074765145805262e+00
9.068401762428542900e-01
-2.161053262328617830e+00
-2.287968192896087327e+00
-3.279245792701135809e+00
-4.043966359089290474e-01
-7.129008264773800674e-01
-1.998918177683448150e+00
-5.876519037363882036e-01
1.166808762553005252e+00
-5.829287880952774975e-02
-6.148592823928996642e-01
-2.708990967247838721e+00
2.338313612100374250e+00
